0.000000000000000, 1.257953399110960, 0.649450674965461, 0.667456173973880, 1.154827266719180, 0.811263587632923, 1.643762735961690, 1.420427372278400, 1.578979191013430, 1.596148567910950, 1.647127747547560, 1.365427072224950, 1.296901227339670, 1.155059903375060, 1.167493430459780, 1.235686849982610, 1.264790898713670, 1.140929280193470, 1.171794819799760, 1.206073126927170, 1.314218436534280, 0.779298575940176, 1.193833921258150, 0.851070077408287, 0.997438377637614, 1.006441696426370, 0.613797891473725, 0.873416280884619, 0.565801117166649, 1.245945451116680, 1.239945451650320, 1.244627664195300, 1.241914810944350, 1.420368871498700, 1.475121940548590, 1.201539415055560, 1.192790186662290, 0.708833458312562, 1.210227220804680, 1.128295055764880, 0.719185904637974, 0.750902784691796, 0.707980536268502, 1.050485774556600, 0.851630251359510, 0.988085804088972, 1.134712274698210, 1.208085405548650, 1.058909321215070, 0.721324294232233, 0.842072652077208, 0.869141996589275, 0.623393878692944, 0.720541642449834, 0.744942738895899, 0.742584073505807, 0.735433051528939, 0.759969477471550, 0.762605725952252, 1.033449468564690
1.257953399110960, 0.000000000000000, 1.258814044935330, 0.949751012143372, 0.742285246418096, 1.160815824491540, 0.778251724312892, 0.699610229211355, 0.725262462934341, 0.768612344561339, 0.814805821681406, 0.769265841915205, 0.725098737573732, 0.776695731018741, 0.716441328825713, 0.695543005751998, 0.707982064636630, 0.775203801844647, 0.711744887195696, 0.723494008473217, 0.706510847192436, 0.907973190298705, 0.865072191042608, 0.971437450009624, 1.421332380176200, 1.357553517510550, 1.098892717519360, 0.927213512587716, 1.088872937224900, 0.706925129217209, 0.714074436668188, 1.062569189300170, 1.125103983455470, 0.796187061808624, 0.802748123997710, 0.756481878615832, 0.931278104722804, 1.315420073127190, 0.683412406764479, 0.756654898592062, 1.407930721148950, 0.932462266513321, 1.223526888852230, 1.416134761464730, 1.235649488493400, 1.142440702354880, 1.328079147819450, 0.974181013455523, 1.453532973390160, 1.479619710935050, 1.386864749068510, 1.423382465916440, 1.250101451801430, 1.327037616791660, 1.408808282896300, 1.376950883994300, 1.432581345663260, 1.369706168067300, 1.412294447668720, 1.646656489723290
0.649450674965461, 1.258814044935330, 0.000000000000000, 0.785897295478597, 1.135972789859160, 0.886706955278574, 1.351915906171730, 1.334014277149560, 1.458502201820640, 1.463126907824990, 1.364682316478060, 1.405721593437970, 1.322175097412680, 1.245129750345420, 1.157384258271800, 1.229198748641160, 1.232299295244950, 1.170444855676970, 1.115936112731100, 1.249942286123300, 1.239530576432060, 0.817471916816936, 1.126237758825790, 0.889214436045844, 0.876329600832354, 0.928162525746987, 0.808587144535668, 0.909103820261018, 0.648663377483450, 1.230639444234480, 1.315790788621000, 1.210874574694180, 1.167265489599570, 1.264358126882200, 1.339659261432850, 1.144992096948610, 1.021397798409590, 0.635792492265251, 1.225348069279170, 1.170631297971810, 0.664709556561570, 0.780973583493970, 0.783368596502062, 0.931353954179771, 0.836851613362082, 1.037756271725960, 1.089324018291860, 1.193862401652530, 0.907654390722914, 0.688778971049943, 0.924553305349834, 0.883051274867104, 0.702057157462212, 0.742490558854157, 0.778455625682415, 0.755360242501364, 0.812112742343485, 0.779778307607549, 0.804382682056033, 1.021393932642590
0.667456173973880, 0.949751012143372, 0.785897295478597, 0.000000000000000, 0.823556158176635, 0.810179623976795, 0.945697381196326, 0.980974492757015, 1.053263213939170, 1.033232738244720, 0.900423430440961, 1.154064846682950, 1.069405360826910, 0.826490263488402, 0.781519287241293, 0.865382159900540, 0.865129013182308, 0.931340863331939, 0.794027594798313, 0.862650466385580, 0.933121291883694, 0.771488428347429, 0.906201951937270, 0.748056084616751, 0.992068456598698, 0.967276194495867, 0.621756601168337, 0.652230248626543, 0.631664333001637, 0.891286775997591, 0.948617100396105, 0.876455982162522, 1.029991231094430, 0.914981014707779, 0.997771850083754, 0.797108829061256, 0.825098619557601, 0.833726308144247, 0.914744121341429, 0.961373540454527, 0.893322926384094, 0.694513733835940, 0.792208050246435, 1.004815616603170, 0.820096378969562, 0.872328947556024, 1.060358461412980, 0.946219526528935, 1.031114439730790, 0.907774667981310, 0.982251776049843, 0.983810861521568, 0.741463031387679, 0.854404947408163, 0.921108178653108, 0.895909531864014, 0.935022349573150, 0.900408506597225, 0.933807310745507, 1.272692826998540
1.154827266719180, 0.742285246418096, 1.135972789859160, 0.823556158176635, 0.000000000000000, 1.117382950500070, 0.828552297466867, 0.771962053571533, 0.829411635258393, 0.837794108410143, 0.788516498458829, 0.906702414987166, 0.788568031812263, 0.707584613217268, 0.716287261069721, 0.696420433709950, 0.677562584728105, 0.780488594353965, 0.638954551650442, 0.683500671026120, 0.680117908725743, 0.843955269089699, 0.841284419510989, 0.883762824740648, 1.343332982845010, 1.291132675261030, 0.944114151401982, 0.780305401514408, 1.029995513527890, 0.707487376970296, 0.730753026724703, 0.994673305297283, 1.008969256377440, 0.830581497923413, 0.915451585364884, 0.770473496488440, 0.915223874108631, 1.205105246572190, 0.705987379076005, 0.787170162675157, 1.325367334795570, 0.864127360403541, 1.136830618248320, 1.353771614336450, 1.107205600534160, 1.031836808877090, 1.245563574362090, 0.869493062646630, 1.419701485014590, 1.378414346246990, 1.355292126794000, 1.329490741411920, 1.133098332368980, 1.240912927967610, 1.348841954535210, 1.310977622259410, 1.347557435272430, 1.262168358478930, 1.346838035017100, 1.613053619612550
0.811263587632923, 1.160815824491540, 0.886706955278574, 0.810179623976795, 1.117382950500070, 0.000000000000000, 1.171868241730940, 1.147285547230070, 1.190128827531700, 1.184524305095050, 1.165605497979130, 1.334187370093580, 1.228186308110450, 1.108924877949450, 1.063920422286530, 1.100662020117830, 1.152277906179760, 1.098070858225480, 1.115649184515900, 1.170377217328220, 1.254219648304030, 0.818732709035039, 1.014136682827280, 0.850836744087935, 1.081934792021710, 1.104773638474930, 0.881044763119656, 0.964320607123701, 0.779262805893864, 1.169471472995730, 1.184698690934260, 1.048583051778850, 1.106263732666250, 1.178014559425110, 1.217846692752660, 1.016193482982580, 0.925448285910260, 0.944744617016200, 1.139404944962230, 1.070793575337280, 0.887877330799392, 0.713575907095413, 0.858284668740924, 1.038824660304870, 0.978718151117743, 0.954387336807957, 1.094270000898980, 1.155884391996590, 1.215441240256370, 1.089901859987770, 0.923316360662491, 1.038940197736740, 0.851383955471338, 0.963490489527331, 0.960981041852113, 0.937845281448025, 1.007551059813640, 0.971439933695108, 1.031102289185380, 1.284104351695620
1.643762735961690, 0.778251724312892, 1.351915906171730, 0.945697381196326, 0.828552297466867, 1.171868241730940, 0.000000000000000, 0.682263639370804, 0.681651150858618, 0.667875480538671, 0.629423429932099, 0.923907651585106, 0.838811865080655, 0.802576997095003, 0.739321977259612, 0.696197026986009, 0.718748850752586, 0.859747969654684, 0.785994797048861, 0.761632660395529, 0.735400315590175, 1.019371779951700, 0.776300832511977, 0.925401672268948, 1.431268702025900, 1.454830313821230, 1.041495086717200, 0.906959194229607, 1.180096573944460, 0.852864021243863, 0.877016348098441, 0.928456731425163, 0.967222213919039, 0.736718700499616, 0.731239503826863, 0.749319242728924, 0.824556648594280, 1.414219685633770, 0.789560368117870, 0.903890272669015, 1.504873638096450, 0.994581938532328, 1.287451119412510, 1.643241064173030, 1.347398567861710, 1.174074562267890, 1.391028578756860, 0.981043371337668, 1.506720948020790, 1.567902669705660, 1.682029269877500, 1.837381056261030, 1.642742965860560, 1.721268788724800, 1.792451833012420, 1.753625769240960, 1.795849337554970, 1.737973331598410, 1.789454948604470, 1.970882697822350
1.420427372278400, 0.699610229211355, 1.334014277149560, 0.980974492757015, 0.771962053571533, 1.147285547230070, 0.682263639370804, 0.000000000000000, 0.597135699485877, 0.655121532252344, 0.675403156426967, 0.776595018788092, 0.706984192435810, 0.739041433646318, 0.693486083275164, 0.663309497763313, 0.702892274116769, 0.797596493804926, 0.759567202356746, 0.753224368484787, 0.744452155087185, 0.903828316233793, 0.818175073427419, 0.945501533905482, 1.522474078612400, 1.504465918619200, 1.032716451476240, 0.978340183174142, 1.137091712909600, 0.741434074329924, 0.744211511680445, 1.022170800240500, 1.047797025482010, 0.778012655978764, 0.799657133321529, 0.749747041099131, 0.879372052382962, 1.432461772913380, 0.707633050438927, 0.789997363315286, 1.459952505440920, 0.961994085477309, 1.304209446322720, 1.575339494019440, 1.408964288805610, 1.251619651836160, 1.388381555133750, 1.070672718959610, 1.642349040849240, 1.546243226703620, 1.479433148734420, 1.576045046994670, 1.407112975007350, 1.493873642411310, 1.544486243854310, 1.516270653192660, 1.543451941990950, 1.494097819521590, 1.545754586454400, 1.693961395988480
1.578979191013430, 0.725262462934341, 1.458502201820640, 1.053263213939170, 0.829411635258393, 1.190128827531700, 0.681651150858618, 0.597135699485877, 0.000000000000000, 0.695396757755878, 0.727163869442234, 0.801804699925681, 0.759074771777146, 0.867688233835181, 0.748613532896721, 0.710616263240751, 0.763856445353143, 0.806612688065135, 0.828807782514619, 0.818856578940909, 0.800747157837299, 0.978479390961559, 0.852338896528036, 0.998384006801516, 1.549403421005030, 1.565724135157830, 1.164882191258530, 1.034528718817590, 1.238642449712650, 0.828610264857246, 0.818070956917760, 1.093443428071190, 1.084562142190570, 0.769611882930843, 0.806325909785438, 0.772745505250275, 0.907075931926958, 1.557372453067140, 0.756226334398599, 0.819461194415231, 1.622433509152520, 0.980421069129977, 1.405173551774120, 1.644972104573580, 1.478613026865500, 1.267807789723120, 1.451090031660260, 1.069641419697480, 1.647065042047370, 1.643136337078450, 1.659072148005720, 1.760091333270830, 1.581592269226890, 1.691413432684490, 1.726839395136050, 1.705024323901630, 1.742539475361480, 1.697255960462030, 1.744841719275700, 1.872752378935940
1.596148567910950, 0.768612344561339, 1.463126907824990, 1.033232738244720, 0.837794108410143, 1.184524305095050, 0.667875480538671, 0.655121532252344, 0.695396757755878, 0.000000000000000, 0.672828812606212, 0.918914084396346, 0.861258380368024, 0.793331902083080, 0.727896277171271, 0.683723081835255, 0.703561936737893, 0.880280673585754, 0.819327604247106, 0.770361701447057, 0.785705709338688, 1.047417086249060, 0.845311606933281, 1.011260993391370, 1.584530079794410, 1.526363245869780, 1.107401702235710, 1.009275430872220, 1.226549479510120, 0.784266205729856, 0.856533578012955, 0.967495918318410, 1.057986540639190, 0.787887474175612, 0.724982086142520, 0.774614489443193, 0.894819412884211, 1.527767809194620, 0.803525970668264, 0.860778447110713, 1.658733230931580, 1.058402486592510, 1.409904986383970, 1.664214833577770, 1.402426709943520, 1.202956653148850, 1.392273950124190, 1.027289209972160, 1.672028103313440, 1.750825506008500, 1.640557587863080, 1.777418434490360, 1.592493219053960, 1.667027207067110, 1.770882969416240, 1.711088700905260, 1.768885485246670, 1.694018144536170, 1.766238091342020, 1.982805328363810
1.647127747547560, 0.814805821681406, 1.364682316478060, 0.900423430440961, 0.788516498458829, 1.165605497979130, 0.629423429932099, 0.675403156426967, 0.727163869442234, 0.672828812606212, 0.000000000000000, 0.948201612336518, 0.858939003361569, 0.767795794579200, 0.709442441495713, 0.709794355990411, 0.726608353776993, 0.905017466837738, 0.763902315585941, 0.727875271759072, 0.766525622655368, 1.129344440776460, 0.860492072800799, 0.964161037851260, 1.557760041119080, 1.401144054337420, 0.993308043657868, 0.891959176295906, 1.241519725086910, 0.797609926045668, 0.795425214813169, 0.882485745349237, 1.006350159475830, 0.746515722021264, 0.761901850735867, 0.761385490923455, 0.882650453196886, 1.482214686748470, 0.789116834663710, 0.883416880640923, 1.639728872327200, 1.049658856901370, 1.324226461463870, 1.609491861307000, 1.430759354339800, 1.286170743802780, 1.329511333256830, 0.972597698763556, 1.649918677523050, 1.658375474145230, 1.622740586199050, 1.819290429427350, 1.632395526008070, 1.672642511169120, 1.762769898950970, 1.711931784143100, 1.743572213446860, 1.692300960890250, 1.757157679026990, 1.965952988140510
1.365427072224950, 0.769265841915205, 1.405721593437970, 1.154064846682950, 0.906702414987166, 1.334187370093580, 0.923907651585106, 0.776595018788092, 0.801804699925681, 0.918914084396346, 0.948201612336518, 0.000000000000000, 0.747681937710621, 0.932805196475125, 0.878923800641194, 0.836018373655366, 0.879579778847173, 0.826118888465653, 0.876794864421986, 0.878052039200516, 0.802111451017717, 1.025916256108060, 1.020393810613960, 1.127951058220540, 1.567903504614580, 1.546230344519540, 1.289504379201050, 1.151009713206760, 1.270059651221290, 0.832587929676355, 0.806334275323377, 1.246726674775840, 1.259124616773220, 0.922412348991243, 0.875406705887409, 0.910138080172885, 1.111783382889030, 1.446546033969600, 0.784890524983431, 0.856209935284228, 1.518352902419830, 1.054447012484580, 1.367366592526340, 1.562520365585380, 1.393557707292150, 1.299613990672190, 1.518705152991260, 1.154568987596960, 1.614513734007480, 1.578124383367090, 1.478509374804080, 1.519400613685590, 1.346920891537640, 1.437771686192850, 1.504770124699700, 1.480402457147330, 1.524992360998940, 1.476076288584790, 1.509207597991610, 1.702701586702050
1.296901227339670, 0.725098737573732, 1.322175097412680, 1.069405360826910, 0.788568031812263, 1.228186308110450, 0.838811865080655, 0.706984192435810, 0.759074771777146, 0.861258380368024, 0.858939003361569, 0.747681937710621, 0.000000000000000, 0.845015837353906, 0.809214478853688, 0.747109531279839, 0.769975572877944, 0.739869637743783, 0.791596479351558, 0.777398126742637, 0.735824142422853, 0.930823427249194, 0.888937905969399, 1.047028521986310, 1.507469797417570, 1.512440483212980, 1.216368495991900, 1.058500140997470, 1.144003643628900, 0.777760306067853, 0.732854642381744, 1.187784054911660, 1.110483538938850, 0.860826189867442, 0.844317742163849, 0.843986984932886, 1.008372646290500, 1.379754018990990, 0.749166541948812, 0.760137322101161, 1.458804402852650, 0.952755707796513, 1.236487948376670, 1.511000882215430, 1.295481796524090, 1.168616282404490, 1.439644070103820, 1.042521908731290, 1.570489020570220, 1.557707448678530, 1.425103277960230, 1.433046854588500, 1.264948165092520, 1.352332422761040, 1.437799274493560, 1.409451273404710, 1.431163992244020, 1.365814005459440, 1.423098758446230, 1.666346731918260
1.155059903375060, 0.776695731018741, 1.245129750345420, 0.826490263488402, 0.707584613217268, 1.108924877949450, 0.802576997095003, 0.739041433646318, 0.867688233835181, 0.793331902083080, 0.767795794579200, 0.932805196475125, 0.845015837353906, 0.000000000000000, 0.661925132203156, 0.651738232816309, 0.633652289904951, 0.802915390537309, 0.678674844297561, 0.676872727136676, 0.719079204595940, 0.822279774587660, 0.853686911985229, 0.876743403671046, 1.419163503577610, 1.305690606398730, 0.931032793643537, 0.806574865930199, 1.058232244803770, 0.698867508676686, 0.742050870867939, 0.957968748796527, 1.011035057714480, 0.858042415915960, 0.861104064349150, 0.688945159651843, 0.851879878254969, 1.246639845752460, 0.738442239011597, 0.801043102192958, 1.428622109436680, 0.840399839436056, 1.146426556015420, 1.408030862494820, 1.162791250875800, 1.021981674577900, 1.260699806554570, 0.855012049173117, 1.460911159618850, 1.428353036963130, 1.362605247532000, 1.381993992516760, 1.160890778844900, 1.292188711616530, 1.423328612409760, 1.353470899138300, 1.397212387323860, 1.297237542157150, 1.390234471442910, 1.746608512165400
1.167493430459780, 0.716441328825713, 1.157384258271800, 0.781519287241293, 0.716287261069721, 1.063920422286530, 0.739321977259612, 0.693486083275164, 0.748613532896721, 0.727896277171271, 0.709442441495713, 0.878923800641194, 0.809214478853688, 0.661925132203156, 0.000000000000000, 0.653923792573199, 0.640191964198920, 0.743927223558580, 0.693789831077868, 0.692598549124797, 0.696743258761389, 0.827072785602080, 0.776807346740460, 0.850356375188390, 1.333741273247570, 1.338508912488320, 0.908966884206938, 0.790963077439197, 0.989915168796388, 0.699351074549479, 0.746758070619052, 0.927310823301735, 1.008041841309040, 0.708640736356095, 0.770378025637179, 0.665181370653534, 0.768901189973230, 1.188570570442830, 0.706763068011879, 0.800326564476443, 1.324077819793780, 0.779341564015896, 1.075103063605680, 1.375829276041630, 1.159644906365050, 1.023441961842260, 1.287862178105720, 0.872424043608276, 1.440318141099710, 1.376948137248220, 1.320216093158870, 1.372364291529640, 1.135433247141130, 1.276404228088370, 1.373233242087380, 1.315085462670660, 1.350482813731830, 1.298283880381990, 1.357559942736340, 1.657679917733720
1.235686849982610, 0.695543005751998, 1.229198748641160, 0.865382159900540, 0.696420433709950, 1.100662020117830, 0.696197026986009, 0.663309497763313, 0.710616263240751, 0.683723081835255, 0.709794355990411, 0.836018373655366, 0.747109531279839, 0.651738232816309, 0.653923792573199, 0.000000000000000, 0.608973313772419, 0.710320982287161, 0.661199187037272, 0.661756093367658, 0.669706985615697, 0.858086422053342, 0.789407977802030, 0.888422443176668, 1.402936806239690, 1.322668544678820, 0.953516271857536, 0.791812812590133, 1.045622485011910, 0.673097533635164, 0.677171559343142, 0.998356999654496, 1.014092149324630, 0.746818870662379, 0.749483072989803, 0.660180657093894, 0.847660228379810, 1.321200673770590, 0.655047843922055, 0.757359218634724, 1.393007940500460, 0.810076044533408, 1.162427932352510, 1.394176752923110, 1.219733387311840, 1.073889840470880, 1.289236502037980, 0.912188210711474, 1.505185739708100, 1.466217196753840, 1.339679794528890, 1.408988580346960, 1.218876098392790, 1.333895947962520, 1.385066704128880, 1.345987654489910, 1.416182415977490, 1.347515050310470, 1.412469444203000, 1.621961439449270
1.264790898713670, 0.707982064636630, 1.232299295244950, 0.865129013182308, 0.677562584728105, 1.152277906179760, 0.718748850752586, 0.702892274116769, 0.763856445353143, 0.703561936737893, 0.726608353776993, 0.879579778847173, 0.769975572877944, 0.633652289904951, 0.640191964198920, 0.608973313772419, 0.000000000000000, 0.750933840079175, 0.675032087694922, 0.676590267941237, 0.678449261068528, 0.925732347829060, 0.832007128170260, 0.915436915826909, 1.422535668085580, 1.254891119350700, 0.954820531219541, 0.798018829669006, 1.082568817725520, 0.699125394065652, 0.726483845390009, 0.933853052811707, 1.000246645194540, 0.754772675963286, 0.796056876860799, 0.686893218455365, 0.862721589479164, 1.313651553136700, 0.707979159670477, 0.772559209266240, 1.439620379277860, 0.854486332152309, 1.175312587683670, 1.421052803907950, 1.227352505039700, 1.094601926694330, 1.260496041572720, 0.882589086490782, 1.466587017176380, 1.441139081627550, 1.426759307017760, 1.458324962593120, 1.270539235937890, 1.356848207545290, 1.446715290673480, 1.431421688213460, 1.458544603101990, 1.377439024959030, 1.450257227911810, 1.742770903740960
1.140929280193470, 0.775203801844647, 1.170444855676970, 0.931340863331939, 0.780488594353965, 1.098070858225480, 0.859747969654684, 0.797596493804926, 0.806612688065135, 0.880280673585754, 0.905017466837738, 0.826118888465653, 0.739869637743783, 0.802915390537309, 0.743927223558580, 0.710320982287161, 0.750933840079175, 0.000000000000000, 0.760095489273700, 0.773066184969789, 0.787257575246401, 0.780723793190289, 0.743125953848412, 0.828405429874947, 1.371594721129440, 1.421452760271490, 1.111202181450570, 0.957689269912513, 1.005154092840540, 0.771591002879872, 0.765954831472885, 1.103069982027850, 1.008026348442310, 0.830247529202464, 0.827531282638942, 0.791121767198589, 0.819364587700015, 1.210631245511280, 0.732360549685798, 0.789763171643260, 1.291650121924260, 0.792573952492732, 1.104927004132090, 1.355321677517320, 1.178239318732810, 1.069903333796510, 1.357633725180340, 0.984790218681557, 1.441331858435830, 1.287738780611760, 1.261146727038920, 1.334288961100740, 1.103102326852970, 1.236666345818960, 1.241530815468890, 1.275637866672490, 1.322152070940460, 1.286610710218260, 1.323471636334450, 1.490135108203470
1.171794819799760, 0.711744887195696, 1.115936112731100, 0.794027594798313, 0.638954551650442, 1.115649184515900, 0.785994797048861, 0.759567202356746, 0.828807782514619, 0.819327604247106, 0.763902315585941, 0.876794864421986, 0.791596479351558, 0.678674844297561, 0.693789831077868, 0.661199187037272, 0.675032087694922, 0.760095489273700, 0.000000000000000, 0.677752891925943, 0.645001968718374, 0.829786181263513, 0.836816625700586, 0.881954478356699, 1.297445386848830, 1.231660362449640, 0.876460851980129, 0.759307950181479, 1.008827491665080, 0.692911915291520, 0.711995030296074, 0.929929931695045, 0.983072862844979, 0.754517836116384, 0.861640074372686, 0.726771117753015, 0.852086259497294, 1.147132155131890, 0.688173319796708, 0.758510730684840, 1.296790771506170, 0.810738381810022, 1.075241632173630, 1.339902797545890, 1.098689430423320, 1.015983224158030, 1.242220280701160, 0.837845458353306, 1.367553893172010, 1.330014244700910, 1.350447988727930, 1.336418606598340, 1.149624651178030, 1.239837156429960, 1.355009989301810, 1.308931066350670, 1.349660557276190, 1.275993444948790, 1.335918010058990, 1.622899259518670
1.206073126927170, 0.723494008473217, 1.249942286123300, 0.862650466385580, 0.683500671026120, 1.170377217328220, 0.761632660395529, 0.753224368484787, 0.818856578940909, 0.770361701447057, 0.727875271759072, 0.878052039200516, 0.777398126742637, 0.676872727136676, 0.692598549124797, 0.661756093367658, 0.676590267941237, 0.773066184969789, 0.677752891925943, 0.000000000000000, 0.684152457679375, 0.849372200276249, 0.792899922214487, 0.931853291964066, 1.442933676842400, 1.365491574091170, 0.981183628283371, 0.832612725806515, 1.063318389921570, 0.671189382706155, 0.716967810080192, 0.982116928128511, 1.027852661279450, 0.797756783981389, 0.851645943850077, 0.714300596189062, 0.952749829654586, 1.308697928988750, 0.702711503509001, 0.756836633349986, 1.419328572737020, 0.848152437735157, 1.141781709482830, 1.439330596358790, 1.195356232672730, 1.064310208240710, 1.304632463597680, 0.895599129264998, 1.524048051998830, 1.512102866136320, 1.389120905723390, 1.380640237966380, 1.189708284925680, 1.283649106192010, 1.397356636525070, 1.375313559247540, 1.379484040476880, 1.302810247302750, 1.372391409449640, 1.683203721219500
1.314218436534280, 0.706510847192436, 1.239530576432060, 0.933121291883694, 0.680117908725743, 1.254219648304030, 0.735400315590175, 0.744452155087185, 0.800747157837299, 0.785705709338688, 0.766525622655368, 0.802111451017717, 0.735824142422853, 0.719079204595940, 0.696743258761389, 0.669706985615697, 0.678449261068528, 0.787257575246401, 0.645001968718374, 0.684152457679375, 0.000000000000000, 0.924236777608802, 0.830847857038001, 0.994309055555214, 1.459071134278060, 1.407192057483580, 1.002001385345670, 0.830959666848554, 1.167741985080670, 0.696482811906041, 0.720478114177460, 1.010000749643510, 1.014764626661560, 0.750807073911527, 0.813823185303795, 0.755907272000460, 0.921044888719566, 1.260384104379860, 0.711207660620770, 0.751045794571112, 1.450293729484490, 0.918471318969783, 1.184309716053120, 1.492084721257270, 1.243935580145570, 1.134872244042230, 1.343350857519450, 0.902223648126483, 1.531541382721550, 1.497143727212340, 1.460666341713570, 1.463381738996840, 1.283740683106820, 1.378604719378360, 1.491279931294950, 1.438628931787750, 1.465732183236260, 1.392252559124630, 1.461816149482390, 1.727997852394890
0.779298575940176, 0.907973190298705, 0.817471916816936, 0.771488428347429, 0.843955269089699, 0.818732709035039, 1.019371779951700, 0.903828316233793, 0.978479390961559, 1.047417086249060, 1.129344440776460, 1.025916256108060, 0.930823427249194, 0.822279774587660, 0.827072785602080, 0.858086422053342, 0.925732347829060, 0.780723793190289, 0.829786181263513, 0.849372200276249, 0.924236777608802, 0.000000000000000, 0.794602183362996, 0.717479932168159, 1.169694720679160, 1.238092088269790, 0.812563861482822, 0.822517780337822, 0.644479481093683, 0.865220076792136, 0.901554025606839, 1.057111813520730, 1.025732734359940, 0.912550274440977, 0.969051491287575, 0.816394084417574, 0.788709677939503, 0.895436758312648, 0.861984084709441, 0.826580395667549, 0.907515103946599, 0.577354346864212, 0.748725349295657, 1.186408737422930, 0.969828677805708, 0.876029823283765, 1.229948863770660, 0.951514930030745, 1.276109621167240, 1.047803475677080, 0.919601993804704, 1.014330870719420, 0.730329731091172, 0.926656194886455, 0.966156833510550, 0.903057888041191, 0.984175685862323, 0.939927569480046, 0.963282382488987, 1.222703066094860
1.193833921258150, 0.865072191042608, 1.126237758825790, 0.906201951937270, 0.841284419510989, 1.014136682827280, 0.776300832511977, 0.818175073427419, 0.852338896528036, 0.845311606933281, 0.860492072800799, 1.020393810613960, 0.888937905969399, 0.853686911985229, 0.776807346740460, 0.789407977802030, 0.832007128170260, 0.743125953848412, 0.836816625700586, 0.792899922214487, 0.830847857038001, 0.794602183362996, 0.000000000000000, 0.808171725723488, 1.353250382335200, 1.479056247397060, 1.088158405676850, 0.908594173581022, 0.960897653338362, 0.878019820895965, 0.883080502478074, 0.963747856284273, 0.894073149480840, 0.766725765515633, 0.800760076291693, 0.787852888501123, 0.701407632174649, 1.255144341654310, 0.837468887383747, 0.873721438690340, 1.287070902331660, 0.834671508772784, 1.082126426026900, 1.364799071684000, 1.145319910719960, 1.035750610765840, 1.321404100561930, 0.944552552586672, 1.459441914558130, 1.352057549898720, 1.288377577081900, 1.417661419694490, 1.157008545661320, 1.299021983482990, 1.353631506354080, 1.309768292475730, 1.376301765454110, 1.295559182028560, 1.360395646987550, 1.594523024474300
0.851070077408287, 0.971437450009624, 0.889214436045844, 0.748056084616751, 0.883762824740648, 0.850836744087935, 0.925401672268948, 0.945501533905482, 0.998384006801516, 1.011260993391370, 0.964161037851260, 1.127951058220540, 1.047028521986310, 0.876743403671046, 0.850356375188390, 0.888422443176668, 0.915436915826909, 0.828405429874947, 0.881954478356699, 0.931853291964066, 0.994309055555214, 0.717479932168159, 0.808171725723488, 0.000000000000000, 1.145622993115190, 1.195756910899170, 0.878711814916122, 0.811707529648181, 0.723669390828833, 1.008140699292900, 1.004811879181740, 0.989551352284138, 1.001000411518980, 0.895164184771384, 0.965292098810348, 0.812562204876722, 0.756590747738201, 0.952663240809002, 0.943616306037950, 0.966686388510625, 1.010764145563910, 0.669200154513384, 0.838669845536269, 1.132481241905050, 0.937251363680044, 0.889382716887107, 1.191883680612760, 0.966153336738980, 1.231559754908880, 1.085367299521030, 1.035509654594120, 1.123010126734220, 0.870188257629530, 1.003709662540160, 1.037075849529780, 0.992421624422361, 1.119042999549620, 1.066279017262300, 1.082866016976980, 1.386931266898940
0.996066809550286, 1.421332380176200, 0.876329600832354, 0.992068456598698, 1.343332982845010, 1.081934792021710, 1.431268702025900, 1.522474078612400, 1.549403421005030, 1.584530079794410, 1.557760041119080, 1.567903504614580, 1.507469797417570, 1.419163503577610, 1.333741273247570, 1.402936806239690, 1.422535668085580, 1.371594721129440, 1.297445386848830, 1.442933676842400, 1.459071134278060, 1.169694720679160, 1.353250382335200, 1.145622993115190, 0.000000000000000, 0.403708171288070, 1.041512064917810, 1.088054903800230, 0.894205329890062, 1.504674575465200, 1.455841900935580, 1.290088514113460, 1.351662534801910, 1.376633682191570, 1.469005108965930, 1.252961572026670, 1.200500901058320, 0.936736170772034, 1.405951442975140, 1.404339487305080, 0.788175840587812, 1.150283935176660, 1.055240522103800, 0.440998068726950, 0.590361268281421, 0.689291188484376, 0.847700393839307, 0.931513744032169, 0.413780412785897, 0.879553620462779, 1.123585362461180, 1.085984187263670, 1.019318331462750, 0.932610627151729, 0.997609061816033, 0.949902305978708, 0.971793623977820, 0.959240432509681, 0.974243576821625, 1.147649419989940
1.005918220103250, 1.357553517510550, 0.928162525746987, 0.967276194495867, 1.291132675261030, 1.104773638474930, 1.454830313821230, 1.504465918619200, 1.565724135157830, 1.526363245869780, 1.401144054337420, 1.546230344519540, 1.512440483212980, 1.305690606398730, 1.338508912488320, 1.322668544678820, 1.254891119350700, 1.421452760271490, 1.231660362449640, 1.365491574091170, 1.407192057483580, 1.238092088269790, 1.479056247397060, 1.195756910899170, 0.403708171288070, 0.000000000000000, 0.874559758122004, 1.001628379550660, 0.927991000989043, 1.342701410911020, 1.378596023608520, 1.213891619334010, 1.450577730071120, 1.523119595752650, 1.589896517137730, 1.330277041453590, 1.433508601076430, 0.971217217692401, 1.357145575502280, 1.405827345771660, 0.919358406171446, 1.264167164303390, 1.098289538171140, 0.512386613341311, 0.633999865189481, 0.788247117003549, 0.728402726512141, 0.877541778872165, 0.454004470901587, 0.941391592502109, 1.167537395323910, 1.129311077967230, 1.058209777314870, 0.946841969422778, 0.963053713052184, 0.953392058024008, 1.029589152819480, 0.997010115733954, 1.001174641754100, 1.184042823658370
0.613797891473725, 1.098892717519360, 0.808587144535668, 0.621756601168337, 0.944114151401982, 0.881044763119656, 1.041495086717200, 1.032716451476240, 1.164882191258530, 1.107401702235710, 0.993308043657868, 1.289504379201050, 1.216368495991900, 0.931032793643537, 0.908966884206938, 0.953516271857536, 0.954820531219541, 1.111202181450570, 0.876460851980129, 0.981183628283371, 1.002001385345670, 0.812563861482822, 1.088158405676850, 0.878711814916122, 1.041512064917810, 0.874559758122004, 0.000000000000000, 0.674500979963979, 0.741911151417225, 0.968445561356231, 1.063276892972080, 0.993217251927300, 1.198439136569120, 1.142701308544090, 1.215433577417530, 0.919234315352961, 0.962835026260650, 0.815462358908963, 1.024262601311420, 1.108135947884840, 0.899040147424161, 0.720795585332479, 0.785349973684219, 1.045883451717360, 0.888659969168705, 1.011069676245760, 1.079429906385390, 1.037512466115980, 1.107047471119650, 0.879817017928412, 0.974133937433964, 0.963841002931706, 0.758944277729576, 0.876737551480862, 0.936615921830521, 0.878301634433532, 0.944972950855425, 0.928006228507833, 0.943309558568741, 1.297034179051800
0.873416280884619, 0.927213512587716, 0.909103820261018, 0.652230248626543, 0.780305401514408, 0.964320607123701, 0.906959194229607, 0.978340183174142, 1.034528718817590, 1.009275430872220, 0.891959176295906, 1.151009713206760, 1.058500140997470, 0.806574865930199, 0.790963077439197, 0.791812812590133, 0.798018829669006, 0.957689269912513, 0.759307950181479, 0.832612725806515, 0.830959666848554, 0.822517780337822, 0.908594173581022, 0.811707529648181, 1.088054903800230, 1.001628379550660, 0.674500979963979, 0.000000000000000, 0.763986298089052, 0.854057850898286, 0.915443628889566, 0.867692607150892, 0.949152278374667, 0.928622868430995, 1.043295472186240, 0.828293053257786, 0.889042059140625, 0.999620962611020, 0.857680601774860, 0.939043504335912, 1.075401663364710, 0.785286737272730, 0.842937874797452, 1.109158300610600, 0.872150871107769, 0.904578709490035, 1.075752968994790, 0.879761388317666, 1.197666963266670, 1.194906221276370, 1.105556789388290, 1.046352667913460, 0.848908484680822, 0.953295709579102, 1.049234514202120, 1.030081361141180, 1.076367647447670, 0.990891058038906, 1.032680149527880, 1.448111551826400
0.565801117166649, 1.088872937224900, 0.648663377483450, 0.631664333001637, 1.029995513527890, 0.779262805893864, 1.180096573944460, 1.137091712909600, 1.238642449712650, 1.226549479510120, 1.241519725086910, 1.270059651221290, 1.144003643628900, 1.058232244803770, 0.989915168796388, 1.045622485011910, 1.082568817725520, 1.005154092840540, 1.008827491665080, 1.063318389921570, 1.167741985080670, 0.644479481093683, 0.960897653338362, 0.723669390828833, 0.894205329890062, 0.927991000989043, 0.741911151417225, 0.763986298089052, 0.000000000000000, 1.091343499043250, 1.126653477842200, 1.040671944459410, 1.084422178021680, 1.117255040330270, 1.179230144824390, 0.925827545254547, 0.893617808814906, 0.740179651957491, 1.062870256869080, 0.971382508714030, 0.741546035156813, 0.611061467131130, 0.668177875302365, 0.938617284868191, 0.780130978707862, 0.878708648616905, 1.098148564689950, 1.085560230699810, 0.973851897183551, 0.770202088258524, 0.841505975094711, 0.921407089634145, 0.605575088098980, 0.730666451653137, 0.776841895744753, 0.752556097886134, 0.850584345451565, 0.792910070181358, 0.838335587638111, 1.125659648525380
1.245945451116680, 0.706925129217209, 1.230639444234480, 0.891286775997591, 0.707487376970296, 1.169471472995730, 0.852864021243863, 0.741434074329924, 0.828610264857246, 0.784266205729856, 0.797609926045668, 0.832587929676355, 0.777760306067853, 0.698867508676686, 0.699351074549479, 0.673097533635164, 0.699125394065652, 0.771591002879872, 0.692911915291520, 0.671189382706155, 0.696482811906041, 0.865220076792136, 0.878019820895965, 1.008140699292900, 1.504674575465200, 1.342701410911020, 0.968445561356231, 0.854057850898286, 1.091343499043250, 0.000000000000000, 0.696422700856213, 1.029968623737890, 1.070169204164620, 0.847644396118591, 0.888229881016616, 0.753902953346873, 1.011723781749730, 1.292577331868990, 0.692853989197775, 0.731215296517449, 1.405769796308770, 0.844344720062664, 1.197940174828610, 1.450340318734800, 1.282044084288550, 1.139036646938460, 1.307504674641010, 0.917414929690980, 1.576086336243020, 1.543563539025590, 1.332633175957180, 1.410671062634910, 1.198642785932580, 1.308850636819080, 1.386621899813260, 1.319888695487710, 1.403218014489230, 1.329796293127650, 1.404442333157830, 1.668623445466330
1.239945451650320, 0.714074436668188, 1.315790788621000, 0.948617100396105, 0.730753026724703, 1.184698690934260, 0.877016348098441, 0.744211511680445, 0.818070956917760, 0.856533578012955, 0.795425214813169, 0.806334275323377, 0.732854642381744, 0.742050870867939, 0.746758070619052, 0.677171559343142, 0.726483845390009, 0.765954831472885, 0.711995030296074, 0.716967810080192, 0.720478114177460, 0.901554025606839, 0.883080502478074, 1.004811879181740, 1.455841900935580, 1.378596023608520, 1.063276892972080, 0.915443628889566, 1.126653477842200, 0.696422700856213, 0.000000000000000, 1.029634529352500, 1.072042278816720, 0.806914308267267, 0.878038505291084, 0.758321316621770, 0.978899195925742, 1.353952242477850, 0.708381012406814, 0.734164000061759, 1.426759540169830, 0.874063888796544, 1.191937768613060, 1.454969401589970, 1.244910695940780, 1.116583336215920, 1.339338980016980, 0.951986493200707, 1.548308146147870, 1.522599304802600, 1.376082452533130, 1.392816175898820, 1.203190440351370, 1.325659934901670, 1.389537121402590, 1.363082088982620, 1.415949067922260, 1.344555108172050, 1.408786664074990, 1.665976174809940
1.244627664195300, 1.062569189300170, 1.210874574694180, 0.876455982162522, 0.994673305297283, 1.048583051778850, 0.928456731425163, 1.022170800240500, 1.093443428071190, 0.967495918318410, 0.882485745349237, 1.246726674775840, 1.187784054911660, 0.957968748796527, 0.927310823301735, 0.998356999654496, 0.933853052811707, 1.103069982027850, 0.929929931695045, 0.982116928128511, 1.010000749643510, 1.057111813520730, 0.963747856284273, 0.989551352284138, 1.290088514113460, 1.213891619334010, 0.993217251927300, 0.867692607150892, 1.040671944459410, 1.029968623737890, 1.029634529352500, 0.000000000000000, 0.955627649727898, 0.911826298883401, 0.982279107150520, 0.878037761531233, 0.921119583943202, 1.201744929138780, 1.015404356945560, 1.121730784969480, 1.294198595520480, 0.935843247651937, 1.110986914083770, 1.243300883695820, 1.081260773706250, 1.008253936426300, 1.124537878903320, 0.985934547715111, 1.506885882047470, 1.492159038780550, 1.220538674271420, 1.341413566620700, 1.197360364816290, 1.255069980040910, 1.327944332318920, 1.297538308512310, 1.366104327678760, 1.292116514542370, 1.369289317968440, 1.659366532607940
1.241914810944350, 1.125103983455470, 1.167265489599570, 1.029991231094430, 1.008969256377440, 1.106263732666250, 0.967222213919039, 1.047797025482010, 1.084562142190570, 1.057986540639190, 1.006350159475830, 1.259124616773220, 1.110483538938850, 1.011035057714480, 1.008041841309040, 1.014092149324630, 1.000246645194540, 1.008026348442310, 0.983072862844979, 1.027852661279450, 1.014764626661560, 1.025732734359940, 0.894073149480840, 1.001000411518980, 1.351662534801910, 1.450577730071120, 1.198439136569120, 0.949152278374667, 1.084422178021680, 1.070169204164620, 1.072042278816720, 0.955627649727898, 0.000000000000000, 0.949976978251820, 0.981705349825776, 0.896888586897258, 0.889226204965976, 1.262779342934290, 1.033375368483730, 1.043798624734850, 1.294620608925320, 0.944866622018118, 1.085780038298930, 1.365162965865300, 1.124752616719740, 1.037243278356920, 1.180179962730810, 1.021555294909800, 1.473376964569960, 1.366754009181610, 1.300211269154720, 1.368844026202730, 1.172492192010370, 1.260904966819470, 1.365237851783950, 1.301470469910000, 1.366712767766340, 1.284571324049250, 1.362459245433860, 1.626265473678350
1.420368871498700, 0.796187061808624, 1.264358126882200, 0.914981014707779, 0.830581497923413, 1.178014559425110, 0.736718700499616, 0.778012655978764, 0.769611882930843, 0.787887474175612, 0.746515722021264, 0.922412348991243, 0.860826189867442, 0.858042415915960, 0.708640736356095, 0.746818870662379, 0.754772675963286, 0.830247529202464, 0.754517836116384, 0.797756783981389, 0.750807073911527, 0.912550274440977, 0.766725765515633, 0.895164184771384, 1.376633682191570, 1.523119595752650, 1.142701308544090, 0.928622868430995, 1.117255040330270, 0.847644396118591, 0.806914308267267, 0.911826298883401, 0.949976978251820, 0.000000000000000, 0.663809942920652, 0.725656132558071, 0.763500082069288, 1.342838956695690, 0.773124721027744, 0.898659662556329, 1.438477004934480, 0.807815879886781, 1.149161227991480, 1.482843535580980, 1.281295097050750, 1.053248695631180, 1.403338506381870, 0.995850526311474, 1.521824064955530, 1.486621499728540, 1.493192126447470, 1.645733351426070, 1.432295165931970, 1.562278012765260, 1.599879391877460, 1.548193230082910, 1.630570063430040, 1.578144420643040, 1.623537846360240, 1.829824784263040
1.475121940548590, 0.802748123997710, 1.339659261432850, 0.997771850083754, 0.915451585364884, 1.217846692752660, 0.731239503826863, 0.799657133321529, 0.806325909785438, 0.724982086142520, 0.761901850735867, 0.875406705887409, 0.844317742163849, 0.861104064349150, 0.770378025637179, 0.749483072989803, 0.796056876860799, 0.827531282638942, 0.861640074372686, 0.851645943850077, 0.813823185303795, 0.969051491287575, 0.800760076291693, 0.965292098810348, 1.469005108965930, 1.589896517137730, 1.215433577417530, 1.043295472186240, 1.179230144824390, 0.888229881016616, 0.878038505291084, 0.982279107150520, 0.981705349825776, 0.663809942920652, 0.000000000000000, 0.738904229518606, 0.737075602460535, 1.418469587675100, 0.782486641797712, 0.911998851132014, 1.521530451684920, 0.952913082197067, 1.266579417034870, 1.569117827453300, 1.346792583189500, 1.173278614360890, 1.456387169935790, 1.049282258658060, 1.568333845629650, 1.501112721280120, 1.533564542002330, 1.693304719462040, 1.472898879670290, 1.583287086041800, 1.654751296021630, 1.596723529676900, 1.668671166357060, 1.618368574215340, 1.646497763179160, 1.867139727395650
