0.000000000000000, 0.955839549472128, 0.500723627377062, 0.492647828545644, 0.863305200531685, 0.620999379266934, 1.239145306459420, 1.096519560812060, 1.209843639684620, 1.207200401953770, 1.233240174879390, 1.034191208253080, 0.982648205247143, 0.859802721893151, 0.868907346899039, 0.927406695113561, 0.952788305175106, 0.870693913103147, 0.878622024289598, 0.901675598808889, 0.992540787031795, 0.598637954698451, 0.895416488383663, 0.649582507084737, 0.870760844011578, 0.864428494539641, 0.471383973121022, 0.657279491703223, 0.441711577079357, 0.934837248758115, 0.924072396022127, 0.943813502890181, 0.920419036848521, 1.058598406636250, 1.084240854302130, 0.903406624360170, 0.894989482407861, 0.557432137517856, 0.905795948841731, 0.851749636170127, 0.567221527901347, 0.562912543400239, 0.543301302175854, 0.898778586216334, 0.738500441140305, 0.838361985668612, 0.976761508007833, 0.969606098569771, 0.913854364019239, 0.568693475876641, 0.654544351863357, 0.662400838481433, 0.483711831646419, 0.545971190576246, 0.585441240233322, 0.566558824570489, 0.569032141614239, 0.575457229873488, 0.586693623845899, 0.817516919316851
0.955839549472128, 0.000000000000000, 0.953611631395454, 0.710820828933698, 0.555502942853582, 0.880439858904161, 0.589988364110382, 0.528535141512264, 0.545996906616170, 0.579825443420992, 0.608182680133429, 0.567387686903328, 0.545716977481696, 0.577808737381242, 0.537340576864484, 0.523609739987708, 0.533892175347917, 0.582772528991922, 0.532523925379964, 0.542495369554960, 0.530423032489454, 0.685298237516087, 0.647942532152900, 0.739472649966176, 1.163595953287800, 1.109170422222300, 0.820422836292187, 0.688937069358505, 0.816759039917834, 0.532803601749539, 0.538199207457565, 0.794536275911937, 0.838023459571230, 0.590058618589091, 0.597576219032657, 0.564978285627209, 0.703895642245415, 0.994617927096149, 0.509817526308158, 0.558929189879663, 1.055174749135330, 0.703803670380609, 0.918109662030395, 1.153108358131730, 1.020616963299200, 0.938630791232592, 1.077349516009760, 0.800494030251745, 1.188065700811110, 1.125882535592470, 1.038602493852550, 1.067808554124070, 0.934371136305269, 0.988097793477808, 1.057144715561950, 1.034644604864710, 1.071747297793220, 1.024525658393710, 1.051960274835710, 1.249713785769280
0.500723627377062, 0.953611631395454, 0.000000000000000, 0.589821468212542, 0.841384914571242, 0.683223468450260, 0.996522239404821, 1.015595767546290, 1.095879103337640, 1.078328679737300, 1.009418979872060, 1.053610211584610, 0.997797078697230, 0.938620424659414, 0.878694225270920, 0.938442594792967, 0.923993494716580, 0.883640389959687, 0.840501498006715, 0.932538681205540, 0.930244593464596, 0.623026974312729, 0.828151788776495, 0.663146630901662, 0.749087215305181, 0.782469655088056, 0.621594813705649, 0.685318097613409, 0.496168440450432, 0.922102545868778, 0.977100560838289, 0.902891618171924, 0.874323597990563, 0.950758196061446, 1.011409998054390, 0.884153553434042, 0.754793058890470, 0.485232815367459, 0.925504422903567, 0.873125308033514, 0.513340175010626, 0.590977540732043, 0.589993269859623, 0.795688035937653, 0.714766559552627, 0.855838139500400, 0.902569064485616, 0.975277700994677, 0.765465421828243, 0.527164786585653, 0.714356004348039, 0.665477480029631, 0.542594202152184, 0.568287779252580, 0.597073874392323, 0.575852284617761, 0.615175338870064, 0.586050064169796, 0.615389018386538, 0.770888962288415
0.492647828545644, 0.710820828933698, 0.589821468212542, 0.000000000000000, 0.617969393653279, 0.614520976918902, 0.717439171370532, 0.744320929973800, 0.810985035773409, 0.779803741112275, 0.683532813838895, 0.863859230618385, 0.808408989097475, 0.623854516046703, 0.597012436165999, 0.652226242785265, 0.653506342358803, 0.711457403735429, 0.598086873839744, 0.656817819840124, 0.717279613021687, 0.583334659914422, 0.678934095452110, 0.567037988685162, 0.843979380981795, 0.813636588007500, 0.473464525345546, 0.496207989046802, 0.476992994224378, 0.684958074964560, 0.711498465152172, 0.664265316563102, 0.771706605648219, 0.701909088633634, 0.752231647444537, 0.613154681570815, 0.618196232879285, 0.633302076709980, 0.693220217447657, 0.721441365236009, 0.674615132722536, 0.529492231854105, 0.598060927925821, 0.843416333158812, 0.699143399417555, 0.726875823597158, 0.876607275223375, 0.775429941737514, 0.875899733308688, 0.703953205747072, 0.749017210256234, 0.729987843401545, 0.559260308395283, 0.632592126063679, 0.694982047948187, 0.673352952712195, 0.701260996546141, 0.672636779871578, 0.701090076075266, 0.963654126312226
0.863305200531685, 0.555502942853582, 0.841384914571242, 0.617969393653279, 0.000000000000000, 0.837834973435841, 0.615526684161236, 0.576856579860384, 0.629216444898178, 0.624502668678253, 0.588759328302535, 0.674571587961983, 0.593214141411451, 0.529625361249548, 0.533350100331885, 0.521955387366581, 0.503602220821326, 0.589860526936801, 0.473147945197705, 0.511043477326296, 0.514910393913663, 0.628929264643215, 0.616603143183582, 0.653115702404624, 1.103792217842870, 1.045380218169300, 0.710975577655942, 0.574203450476477, 0.768661804027590, 0.531678665197269, 0.547973942683233, 0.747736426872865, 0.751747529558294, 0.616548340111306, 0.677824070067098, 0.586424506059997, 0.688850431711186, 0.909748098315820, 0.531059293545144, 0.583196153777873, 0.988201951530787, 0.657406968734063, 0.855236253457152, 1.094435121200260, 0.906677348386435, 0.844284350918067, 0.992245292598159, 0.716784028969786, 1.153605326063990, 1.037694115610040, 1.026008979184950, 1.007019383083910, 0.850640876563863, 0.922535384151285, 1.017861544606960, 0.980042617309146, 1.018367039275950, 0.937592518171873, 0.995255885915240, 1.217839696705150
0.620999379266934, 0.880439858904161, 0.683223468450260, 0.614520976918902, 0.837834973435841, 0.000000000000000, 0.883846841727423, 0.873510913302296, 0.907480764336882, 0.884641946886529, 0.879233271945508, 1.004290636353890, 0.927525019495367, 0.845494098771700, 0.806635637356625, 0.824174744276326, 0.871674038519951, 0.825948039723718, 0.834983687858251, 0.883204854132804, 0.934105159029006, 0.626793643479109, 0.750244452618161, 0.644680221067589, 0.919183842334281, 0.907640775585797, 0.677262493823572, 0.715428225872980, 0.598718391014220, 0.882262635584135, 0.880871211977715, 0.799304792341176, 0.830422060877356, 0.891094708723665, 0.902384773298915, 0.776761637847989, 0.706235908332628, 0.735045641680873, 0.862940515443645, 0.804481332015972, 0.688446237932614, 0.541795223800976, 0.657926959455743, 0.863670714474348, 0.804568485279172, 0.814958510002781, 0.925941963043163, 0.917359844522120, 1.000283255685420, 0.845043575990073, 0.725447332747105, 0.802723337478791, 0.660332175113093, 0.733314072038119, 0.742402958861901, 0.722974429224789, 0.785436425611279, 0.749959139999389, 0.796700096426768, 0.984675903971372
1.239145306459420, 0.589988364110382, 0.996522239404821, 0.717439171370532, 0.615526684161236, 0.883846841727423, 0.000000000000000, 0.517542016314792, 0.519183977572090, 0.504670927236300, 0.475618528066396, 0.681498560121903, 0.620589910441405, 0.598223317536088, 0.563061656120573, 0.525822536499402, 0.548402982918960, 0.655715884799077, 0.591460147889869, 0.572216381035267, 0.553216275540618, 0.773169795790559, 0.585521777903792, 0.700321524209587, 1.187004838759460, 1.217035716600310, 0.792270783172958, 0.686168348626334, 0.874088568765995, 0.637429406572849, 0.649353371819598, 0.706985082648709, 0.732168339564809, 0.564148350041659, 0.553300357537958, 0.572512941479427, 0.631517410430481, 1.087579153873690, 0.592697637398711, 0.675960355903272, 1.138481212048290, 0.747737410858562, 0.955478134594685, 1.338806975562440, 1.089643896773560, 0.982228756143404, 1.161250703286110, 0.812360959015187, 1.249047063358860, 1.217596592552830, 1.277753678524300, 1.374327022335680, 1.245996132884990, 1.311231598461150, 1.359674749509360, 1.332260480772470, 1.362685155632860, 1.324662244023210, 1.359784119812840, 1.486462536367310
1.096519560812060, 0.528535141512264, 1.015595767546290, 0.744320929973800, 0.576856579860384, 0.873510913302296, 0.517542016314792, 0.000000000000000, 0.455247450023137, 0.495992598212599, 0.515783326243095, 0.580018867014365, 0.531222846245230, 0.562972115147086, 0.530567324194918, 0.500709607080209, 0.533055460073711, 0.605606964689249, 0.576229579258660, 0.572399650130437, 0.557381343602732, 0.687409842074404, 0.620797802169310, 0.721547284491273, 1.268862754348400, 1.254338835785270, 0.795633022224543, 0.741258557542149, 0.860767205916900, 0.557222694293935, 0.560170631466010, 0.778751726163655, 0.794250154417456, 0.585068555695154, 0.600117884021627, 0.573395172442333, 0.677399031511883, 1.111735449570520, 0.530788288928402, 0.597704063359172, 1.124633953916740, 0.732389728762880, 0.991755298101866, 1.314119930383800, 1.165792563315990, 1.066939759644730, 1.174593945318570, 0.895913729536647, 1.355968094432730, 1.199403088394590, 1.142015659013390, 1.203707678711830, 1.087966950316540, 1.152228606634580, 1.190491537658440, 1.163759271330620, 1.190949242688240, 1.152469797897860, 1.197065329761180, 1.297706875641020
1.209843639684620, 0.545996906616170, 1.095879103337640, 0.810985035773409, 0.629216444898178, 0.907480764336882, 0.519183977572090, 0.455247450023137, 0.000000000000000, 0.527969984690216, 0.557569407633255, 0.596679562342882, 0.576632619824168, 0.662144671343196, 0.571424643258216, 0.542806283642924, 0.587595134101203, 0.616678633146872, 0.626386084866050, 0.610076345985570, 0.601345832053602, 0.749263621603280, 0.651395910126727, 0.765936657383584, 1.294615379472250, 1.294361021309220, 0.882007001734480, 0.778252674087463, 0.943790882063111, 0.623047726197397, 0.612153517174464, 0.832450947900268, 0.829180295137068, 0.584856438243882, 0.609837362068967, 0.594581829016800, 0.704658765680701, 1.220288666536430, 0.572265039679748, 0.620570171279487, 1.237219894002460, 0.740304442962260, 1.062442570084010, 1.368083365339900, 1.207451600151010, 1.084400955612940, 1.233362421488030, 0.907201851631642, 1.365363147502740, 1.262905110701140, 1.277791213858580, 1.348344586031280, 1.226837785931450, 1.304485358800190, 1.331806239254200, 1.311900099991800, 1.348207173107460, 1.312614503289520, 1.344669973398360, 1.437890502205280
1.207200401953770, 0.579825443420992, 1.078328679737300, 0.779803741112275, 0.624502668678253, 0.884641946886529, 0.504670927236300, 0.495992598212599, 0.527969984690216, 0.000000000000000, 0.506690182406768, 0.683005627049650, 0.646739552121154, 0.589159794970162, 0.546327038281466, 0.517411054918245, 0.529076528684936, 0.664861055157489, 0.612560389958524, 0.581743520075742, 0.593004612062527, 0.795119563349037, 0.639878756650097, 0.756587012874893, 1.284888938500330, 1.245079066122030, 0.838231749120008, 0.755077691861686, 0.917599968770176, 0.588488328314822, 0.633023502811190, 0.735628989513162, 0.798969923897215, 0.595076757392152, 0.544067635071022, 0.583088907127206, 0.685185832088997, 1.174376707263770, 0.601234056468995, 0.645140039939833, 1.263112297228250, 0.797477775483381, 1.054816966639430, 1.357091382638160, 1.132060295746340, 1.018049871507960, 1.152404925269430, 0.843580403931490, 1.350921376240340, 1.332885500149310, 1.247563973433510, 1.344316252767820, 1.216202730561970, 1.286597925992230, 1.351589809008200, 1.308124598661060, 1.349245862507930, 1.303460214029500, 1.355194501872670, 1.506387622346770
1.233240174879390, 0.608182680133429, 1.009418979872060, 0.683532813838895, 0.588759328302535, 0.879233271945508, 0.475618528066396, 0.515783326243095, 0.557569407633255, 0.506690182406768, 0.000000000000000, 0.706067458589337, 0.645914198973305, 0.573626204980524, 0.539857354386463, 0.532709065441896, 0.548530618802849, 0.685234178452987, 0.575469926511281, 0.553718008053154, 0.577783145518984, 0.859592850638879, 0.655108324527279, 0.731650346506284, 1.284422976779490, 1.162278751262430, 0.753372927765918, 0.682387423208436, 0.910931953875524, 0.599521930723884, 0.595160670967255, 0.672305264965541, 0.762537273906383, 0.563140991518423, 0.574711218056591, 0.580492060383730, 0.674293705439660, 1.141822665962150, 0.588324622760717, 0.660920630709653, 1.260630423147590, 0.807321463031257, 0.982411818072885, 1.323228369738840, 1.152264685631200, 1.066075870910610, 1.096847461895720, 0.823633450528014, 1.333611415036860, 1.246243715702500, 1.257005971792670, 1.362634941844310, 1.234051962501950, 1.289890308296820, 1.365369382964580, 1.310041229627850, 1.335525491339670, 1.307097373398230, 1.350850673970890, 1.460761450635060
1.034191208253080, 0.567387686903328, 1.053610211584610, 0.863859230618385, 0.674571587961983, 1.004290636353890, 0.681498560121903, 0.580018867014365, 0.596679562342882, 0.683005627049650, 0.706067458589337, 0.000000000000000, 0.557327963283500, 0.697131201904693, 0.654641559934763, 0.623546527507538, 0.660555292612355, 0.617481514939584, 0.650769517875966, 0.653629400563863, 0.595455701162075, 0.768884303421800, 0.757450394814428, 0.846098291110088, 1.268617870572550, 1.243950942718940, 0.966390504741984, 0.862234336656704, 0.937531750575714, 0.623316766644087, 0.602602930088969, 0.931295111511747, 0.939660127048498, 0.687664506576268, 0.648251636613637, 0.683690498600868, 0.829155507824795, 1.090050823651630, 0.586496668672225, 0.635948865741094, 1.143416608811540, 0.790776487407509, 1.021575521993300, 1.254737210766280, 1.121649368393060, 1.048862716802580, 1.211924125661850, 0.940222908850381, 1.303418164257480, 1.183193914690510, 1.121313811889100, 1.147200755675990, 1.017605081809580, 1.068872927392350, 1.136771262012590, 1.110502634679680, 1.148925587780260, 1.102290751061460, 1.131958309773930, 1.283418898558830
0.982648205247143, 0.545716977481696, 0.997797078697230, 0.808408989097475, 0.593214141411451, 0.927525019495367, 0.620589910441405, 0.531222846245230, 0.576632619824168, 0.646739552121154, 0.645914198973305, 0.557327963283500, 0.000000000000000, 0.640463757313399, 0.605819585946190, 0.560238322270115, 0.577615027065684, 0.561231308784561, 0.592468146914293, 0.583281939939070, 0.549920237880254, 0.700707060899704, 0.663603705052609, 0.786691712880816, 1.216812648877760, 1.210475103397400, 0.920775926366200, 0.796330750990382, 0.860120818902632, 0.581932324293496, 0.551428157142787, 0.891405277214303, 0.827542153639254, 0.644043114744516, 0.624081501980840, 0.637795579755249, 0.762837652887912, 1.044744807921780, 0.559510359012171, 0.564097241994091, 1.097143265007330, 0.723940079256386, 0.932821640221815, 1.208728684221890, 1.038888253636820, 0.954232660035158, 1.158511532114050, 0.851702349072552, 1.261849049884980, 1.179139180350440, 1.075320810176950, 1.085762429990330, 0.956984077852387, 1.008919399312470, 1.084579319493410, 1.050206131165660, 1.073550386432850, 1.018699505363850, 1.066400657428900, 1.255999643876860
0.859802721893151, 0.577808737381242, 0.938620424659414, 0.623854516046703, 0.529625361249548, 0.845494098771700, 0.598223317536088, 0.562972115147086, 0.662144671343196, 0.589159794970162, 0.573626204980524, 0.697131201904693, 0.640463757313399, 0.000000000000000, 0.500665518989534, 0.492834676008506, 0.479489990651703, 0.609695522265079, 0.508740997535825, 0.510236186112310, 0.546335681142629, 0.618894948466786, 0.635503457909699, 0.657930088284490, 1.159615423242630, 1.077784831571680, 0.694531153683107, 0.605448223158392, 0.779785881820938, 0.524930943519241, 0.562577262578020, 0.725891341269816, 0.768432737552871, 0.644682357123294, 0.642734527431540, 0.525151369602680, 0.642022583448354, 0.935405900399901, 0.552184970102109, 0.598514976888743, 1.057229171831540, 0.639700434182719, 0.866296384379573, 1.150550714855360, 0.940041342921915, 0.840370554728482, 1.021799357591190, 0.721099092718690, 1.192730579079620, 1.086361520947460, 1.022636943821090, 1.047854176424600, 0.868553645286872, 0.956437825232803, 1.058504024159780, 1.010262835308900, 1.045442219018330, 0.956516375740601, 1.041430055607150, 1.304056515596990
0.868907346899039, 0.537340576864484, 0.878694225270920, 0.597012436165999, 0.533350100331885, 0.806635637356625, 0.563061656120573, 0.530567324194918, 0.571424643258216, 0.546327038281466, 0.539857354386463, 0.654641559934763, 0.605819585946190, 0.500665518989534, 0.000000000000000, 0.494187529421495, 0.483674796822717, 0.567410505059694, 0.518509850594963, 0.520683759794708, 0.526191515386245, 0.617312860589587, 0.587748130453507, 0.641048670876314, 1.104367185244920, 1.099120726723460, 0.696902045102021, 0.597460288696993, 0.741910620480593, 0.530573247574457, 0.560558050432039, 0.705902377328529, 0.764023765871881, 0.539131227988954, 0.573600922044441, 0.509766542218388, 0.584032824488151, 0.907384446213324, 0.533379929817815, 0.590500214766968, 0.993563335312179, 0.596646090241788, 0.802649293070571, 1.122214208955650, 0.952695431877805, 0.852863507351013, 1.054091438258580, 0.727852501021993, 1.192405756134760, 1.053282450028880, 1.001532981837010, 1.022215972115430, 0.849584798752320, 0.956483935874400, 1.026396422168290, 0.980750745160943, 1.009352338033100, 0.961833427820027, 1.012834440524960, 1.243512124933190
0.927406695113561, 0.523609739987708, 0.938442594792967, 0.652226242785265, 0.521955387366581, 0.824174744276326, 0.525822536499402, 0.500709607080209, 0.542806283642924, 0.517411054918245, 0.532709065441896, 0.623546527507538, 0.560238322270115, 0.492834676008506, 0.494187529421495, 0.000000000000000, 0.458138119304192, 0.540921999766015, 0.498030664538327, 0.496851295995617, 0.505401181128456, 0.649422217044790, 0.587029908969847, 0.666053939041535, 1.162831485208810, 1.109979589703740, 0.740221558738332, 0.596096458653822, 0.795224994399819, 0.502554884852796, 0.505615708412012, 0.755847318551955, 0.758096333017469, 0.564847832513051, 0.574111899687177, 0.502460853879712, 0.646173162206629, 0.992531063820475, 0.488791510270285, 0.561983811706089, 1.049712499876990, 0.625849181159522, 0.880209569524246, 1.145914067790550, 1.012053636571040, 0.889635549384974, 1.053735368588590, 0.762454897703600, 1.240883476175930, 1.129632931811540, 1.023814203269640, 1.072494423028810, 0.923978157202448, 1.003655635605090, 1.049253994063370, 1.018487882775310, 1.068264795571800, 1.009393769233380, 1.067672225468090, 1.231239126570620
0.952788305175106, 0.533892175347917, 0.923993494716580, 0.653506342358803, 0.503602220821326, 0.871674038519951, 0.548402982918960, 0.533055460073711, 0.587595134101203, 0.529076528684936, 0.548530618802849, 0.660555292612355, 0.577615027065684, 0.479489990651703, 0.483674796822717, 0.458138119304192, 0.000000000000000, 0.567432860930720, 0.499219574772540, 0.510468914120641, 0.513588814296299, 0.694360021261137, 0.621812769346381, 0.691093897654942, 1.152034524426500, 1.033559046799420, 0.728400427932458, 0.603801815510502, 0.812044769100871, 0.528930068633364, 0.545974987530376, 0.703419195452142, 0.752683581940226, 0.572142937559975, 0.601159342572077, 0.523154373845671, 0.656095892847244, 1.007962861131570, 0.530007602669161, 0.569734031814744, 1.090714175816350, 0.659329391055887, 0.886125757701168, 1.146485299055140, 0.989564754727954, 0.894742962564881, 1.028388334118380, 0.733415700080617, 1.188572504151840, 1.103722389504000, 1.092200745613090, 1.098023831152470, 0.964260157883051, 1.021780099689300, 1.081968042493800, 1.067644966066450, 1.089636558162050, 1.032987153023260, 1.092754024402660, 1.301059034432830
0.870693913103147, 0.582772528991922, 0.883640389959687, 0.711457403735429, 0.589860526936801, 0.825948039723718, 0.655715884799077, 0.605606964689249, 0.616678633146872, 0.664861055157489, 0.685234178452987, 0.617481514939584, 0.561231308784561, 0.609695522265079, 0.567410505059694, 0.540921999766015, 0.567432860930720, 0.000000000000000, 0.573171731068811, 0.584943067329213, 0.589570837828155, 0.591498818973548, 0.560683638616514, 0.626126252314028, 1.151599504515800, 1.175452568254330, 0.845489789281776, 0.727279051653660, 0.744148249181712, 0.586815907787574, 0.576467352242895, 0.834522190309284, 0.760904536761597, 0.635076618304732, 0.620560135313741, 0.602609318745729, 0.623896041127106, 0.918581863203974, 0.553412346077453, 0.589207950562593, 0.967206887159835, 0.603822026747373, 0.835290959743381, 1.115867161273820, 0.976945272200006, 0.891081672271528, 1.105106407036260, 0.825838222819421, 1.207514125710440, 0.984109632735663, 0.953084716153581, 1.015204030283210, 0.833543608560055, 0.902978950981178, 0.940289570689736, 0.953568193956694, 1.003209780640250, 0.941503344344620, 0.991081970813875, 1.138561408528040
0.878622024289598, 0.532523925379964, 0.840501498006715, 0.598086873839744, 0.473147945197705, 0.834983687858251, 0.591460147889869, 0.576229579258660, 0.626386084866050, 0.612560389958524, 0.575469926511281, 0.650769517875966, 0.592468146914293, 0.508740997535825, 0.518509850594963, 0.498030664538327, 0.499219574772540, 0.573171731068811, 0.000000000000000, 0.504360235409106, 0.484922318565723, 0.625899358809661, 0.625094548949679, 0.659481888939724, 1.072161180736200, 0.992537740604835, 0.665644831845497, 0.571406852878676, 0.755635043617134, 0.521257701262914, 0.527066664136301, 0.699942685909210, 0.738150559150298, 0.561487699028229, 0.640418783473947, 0.542474961009888, 0.641066530309394, 0.858584321032287, 0.513055231482158, 0.560867878030996, 0.972123308656435, 0.617445697302240, 0.802548582755841, 1.085357522902780, 0.907177262556886, 0.831949660542923, 0.989725612420426, 0.695389251144252, 1.129168755432350, 1.009529505326450, 0.999830096452860, 0.997511967943049, 0.849900273959688, 0.911933962511541, 0.997289445372878, 0.966645285133052, 0.990070869863325, 0.929607774869523, 0.978111007729583, 1.205440395731980
0.901675598808889, 0.542495369554960, 0.932538681205540, 0.656817819840124, 0.511043477326296, 0.883204854132804, 0.572216381035267, 0.572399650130437, 0.610076345985570, 0.581743520075742, 0.553718008053154, 0.653629400563863, 0.583281939939070, 0.510236186112310, 0.520683759794708, 0.496851295995617, 0.510468914120641, 0.584943067329213, 0.504360235409106, 0.000000000000000, 0.508293409794403, 0.633199483976363, 0.598282624161183, 0.702844282192787, 1.169656900888330, 1.090930645704160, 0.734399367092765, 0.625872915583658, 0.791508594437373, 0.503720517722722, 0.535973387754635, 0.738503633897520, 0.767630661972687, 0.602513039372194, 0.645258499770990, 0.540323230621155, 0.721667332167539, 0.986523047391916, 0.522781111505118, 0.557180044786676, 1.056374971288990, 0.642191560258041, 0.867112192029071, 1.147529749568680, 0.959686610995603, 0.865796332803787, 1.044308281477280, 0.736220663868778, 1.235019774154740, 1.146583801888260, 1.044345595820470, 1.041279382461700, 0.884710599122422, 0.951229810845201, 1.047907708554890, 1.015745921310410, 1.033581676219130, 0.969737293562824, 1.020477875968370, 1.269746437628220
0.992540787031795, 0.530423032489454, 0.930244593464596, 0.717279613021687, 0.514910393913663, 0.934105159029006, 0.553216275540618, 0.557381343602732, 0.601345832053602, 0.593004612062527, 0.577783145518984, 0.595455701162075, 0.549920237880254, 0.546335681142629, 0.526191515386245, 0.505401181128456, 0.513588814296299, 0.589570837828155, 0.484922318565723, 0.508293409794403, 0.000000000000000, 0.702662007418678, 0.622586526014781, 0.747883003544861, 1.177071895008300, 1.114470739891360, 0.763350979128446, 0.627836506065491, 0.870699667924644, 0.526098073419307, 0.535448231844197, 0.763880596578445, 0.767377375249248, 0.566306865006931, 0.610464435039646, 0.575812914654366, 0.700158516941412, 0.961258081328989, 0.530143132549494, 0.554443441434873, 1.078195991196640, 0.698662000092191, 0.894170819735897, 1.187989645005350, 1.001538179154940, 0.923804760244312, 1.047623766199410, 0.746675249681645, 1.235261334086590, 1.137988624541150, 1.082228761373220, 1.100072425194010, 0.943018767778900, 1.005145460707400, 1.093664711807470, 1.038090939464740, 1.071305742114200, 1.017396621311610, 1.067634290610720, 1.270685839415290
0.598637954698451, 0.685298237516087, 0.623026974312729, 0.583334659914422, 0.628929264643215, 0.626793643479109, 0.773169795790559, 0.687409842074404, 0.749263621603280, 0.795119563349037, 0.859592850638879, 0.768884303421800, 0.700707060899704, 0.618894948466786, 0.617312860589587, 0.649422217044790, 0.694360021261137, 0.591498818973548, 0.625899358809661, 0.633199483976363, 0.702662007418678, 0.000000000000000, 0.594504740071893, 0.546431936599024, 1.000881339470730, 1.047701183562790, 0.622922146195049, 0.621428844955318, 0.494683335170929, 0.650736272891221, 0.677109552302196, 0.801971792349747, 0.778289341950721, 0.687037106423985, 0.734102590086827, 0.623780416156645, 0.597403146945925, 0.688413938002004, 0.651255132998225, 0.618814414463585, 0.681414909353959, 0.434940324384535, 0.570719970321205, 1.008131349861540, 0.820864414065758, 0.755326979451055, 1.040727441959290, 0.791729791157520, 1.076433351593220, 0.808825109276894, 0.714468121845562, 0.775316963592865, 0.563457720485863, 0.702241951669580, 0.740347667066942, 0.691424826735339, 0.755035920230081, 0.714360708131454, 0.744414837835632, 0.941661910126418
0.895416488383663, 0.647942532152900, 0.828151788776495, 0.678934095452110, 0.616603143183582, 0.750244452618161, 0.585521777903792, 0.620797802169310, 0.651395910126727, 0.639878756650097, 0.655108324527279, 0.757450394814428, 0.663603705052609, 0.635503457909699, 0.587748130453507, 0.587029908969847, 0.621812769346381, 0.560683638616514, 0.625094548949679, 0.598282624161183, 0.622586526014781, 0.594504740071893, 0.000000000000000, 0.602296319741917, 1.092602257213240, 1.180584080735900, 0.809504344140851, 0.686056501809117, 0.716165635630461, 0.661473583082488, 0.660302996372627, 0.724824958537136, 0.663846042262398, 0.577081139689676, 0.596693842116320, 0.591514349875112, 0.533474669785870, 0.942324371267738, 0.627737958832498, 0.649043998569602, 0.967677701425999, 0.629462368839282, 0.812917807755890, 1.103529439824490, 0.930402530894052, 0.855446618608987, 1.062124462631280, 0.765835471187014, 1.177491419665610, 1.030218421216770, 0.975902780894409, 1.061541603081080, 0.872992232721389, 0.970266567401945, 1.022531091410620, 0.986888081642694, 1.037142869019060, 0.974336114498862, 1.021902123889220, 1.202465786912670
0.649582507084737, 0.739472649966176, 0.663146630901662, 0.567037988685162, 0.653115702404624, 0.644680221067589, 0.700321524209587, 0.721547284491273, 0.765936657383584, 0.756587012874893, 0.731650346506284, 0.846098291110088, 0.786691712880816, 0.657930088284490, 0.641048670876314, 0.666053939041535, 0.691093897654942, 0.626126252314028, 0.659481888939724, 0.702844282192787, 0.747883003544861, 0.546431936599024, 0.602296319741917, 0.000000000000000, 0.956511809909747, 0.984588376447537, 0.669619877432519, 0.605009767738636, 0.542848237647497, 0.762263056650450, 0.750233351455402, 0.745741899740583, 0.740251857707850, 0.679672360131001, 0.722859384604858, 0.619991669747196, 0.567387253341752, 0.723156826358266, 0.710414780682145, 0.717721120543701, 0.771353428753473, 0.505685230973167, 0.645400565066631, 0.941831612780811, 0.774398235971747, 0.736943990924601, 0.964500608098099, 0.800078277120445, 1.000208676825680, 0.832806109780035, 0.799657614679207, 0.845207045251363, 0.662509858898727, 0.754182026321434, 0.789742584110283, 0.744557083990736, 0.857658556081267, 0.800393201176432, 0.818290628697007, 1.033181514549810
0.870495745538425, 1.163595953287800, 0.749087215305181, 0.843979380981795, 1.103792217842870, 0.919183842334281, 1.187004838759460, 1.268862754348400, 1.294615379472250, 1.284888938500330, 1.284422976779490, 1.268617870572550, 1.216812648877760, 1.159615423242630, 1.104367185244920, 1.162831485208810, 1.152034524426500, 1.151599504515800, 1.072161180736200, 1.169656900888330, 1.177071895008300, 1.000881339470730, 1.092602257213240, 0.956511809909747, 0.000000000000000, 0.311200375280070, 0.893536613257986, 0.896830844584195, 0.782650423076658, 1.231610968641750, 1.174890623947470, 1.024323085985870, 1.082033408407890, 1.149582073109520, 1.216096718656670, 1.089997075958120, 1.018608196723710, 0.814542398896850, 1.148735546649200, 1.154173141248820, 0.698728093619331, 1.020068813986210, 0.886000585846631, 0.346293132810075, 0.466208063391850, 0.537877832093338, 0.642848912657283, 0.729292496964197, 0.316325359358572, 0.776734916434957, 0.952019164529703, 0.900464927853178, 0.874083531308601, 0.763933307042520, 0.844467611662553, 0.811274185136105, 0.818393944597443, 0.783268903998073, 0.806630360723869, 0.952575540449147
0.864427739432516, 1.109170422222300, 0.782469655088056, 0.813636588007500, 1.045380218169300, 0.907640775585797, 1.217035716600310, 1.254338835785270, 1.294361021309220, 1.245079066122030, 1.162278751262430, 1.243950942718940, 1.210475103397400, 1.077784831571680, 1.099120726723460, 1.109979589703740, 1.033559046799420, 1.175452568254330, 0.992537740604835, 1.090930645704160, 1.114470739891360, 1.047701183562790, 1.180584080735900, 0.984588376447537, 0.311200375280070, 0.000000000000000, 0.750166134985200, 0.823090200751344, 0.782896283458321, 1.100235521224240, 1.104288092053390, 0.965559418408648, 1.103119691764680, 1.252999891141350, 1.282338890939090, 1.115804110330390, 1.183675582905200, 0.833759544801549, 1.105958072619550, 1.142553210197190, 0.775977055044464, 1.088535662454910, 0.895822478146971, 0.401200680603261, 0.495691860149701, 0.606279275770324, 0.552041376921931, 0.655005613823568, 0.354334667995714, 0.833176367910886, 0.981089803137712, 0.909046514856327, 0.869258169491297, 0.752446748084805, 0.814434488918872, 0.791519604009842, 0.837592845195522, 0.801898123732381, 0.824523326186390, 0.993093267687623
0.471383973121022, 0.820422836292187, 0.621594813705649, 0.473464525345546, 0.710975577655942, 0.677262493823572, 0.792270783172958, 0.795633022224543, 0.882007001734480, 0.838231749120008, 0.753372927765918, 0.966390504741984, 0.920775926366200, 0.694531153683107, 0.696902045102021, 0.740221558738332, 0.728400427932458, 0.845489789281776, 0.665644831845497, 0.734399367092765, 0.763350979128446, 0.622922146195049, 0.809504344140851, 0.669619877432519, 0.893536613257986, 0.750166134985200, 0.000000000000000, 0.523633738212272, 0.568956656682386, 0.740983041845720, 0.796564686518944, 0.741301890957987, 0.903539670891845, 0.868587986754686, 0.906599622560542, 0.701266455116317, 0.729876866141572, 0.620331477125093, 0.772316323950309, 0.829407232370299, 0.700093755687551, 0.554455593172457, 0.610201625140325, 0.885737355101722, 0.747583818437917, 0.850202561921108, 0.902532410118667, 0.860467358563124, 0.933351041523170, 0.689662873887478, 0.761094097198485, 0.741729813465898, 0.578675997042785, 0.671341087682388, 0.723262533757166, 0.687405422056503, 0.736413793955432, 0.715070942144471, 0.726372059469769, 1.007925262462860
0.657279491703223, 0.688937069358505, 0.685318097613409, 0.496207989046802, 0.574203450476477, 0.715428225872980, 0.686168348626334, 0.741258557542149, 0.778252674087463, 0.755077691861686, 0.682387423208436, 0.862234336656704, 0.796330750990382, 0.605448223158392, 0.597460288696993, 0.596096458653822, 0.603801815510502, 0.727279051653660, 0.571406852878676, 0.625872915583658, 0.627836506065491, 0.621428844955318, 0.686056501809117, 0.605009767738636, 0.896830844584195, 0.823090200751344, 0.523633738212272, 0.000000000000000, 0.584423287191100, 0.646135197489322, 0.688691397419476, 0.659900149021644, 0.715051140150795, 0.700095694429566, 0.778113968336904, 0.622859954225435, 0.655088058659013, 0.757562056104995, 0.644508492298467, 0.705540674019081, 0.806373250196284, 0.597164909173132, 0.636748870679644, 0.898499338685834, 0.707019863847530, 0.743646414904250, 0.856392892418353, 0.731943733585526, 0.966442107015615, 0.903673672636026, 0.845586195292482, 0.795420369838792, 0.641919454926667, 0.701368692827778, 0.781238139096329, 0.778125987158030, 0.803498151644053, 0.743905110182674, 0.772846689510998, 1.087715996883000
0.441711577079357, 0.816759039917834, 0.496168440450432, 0.476992994224378, 0.768661804027590, 0.598718391014220, 0.874088568765995, 0.860767205916900, 0.943790882063111, 0.917599968770176, 0.910931953875524, 0.937531750575714, 0.860120818902632, 0.779785881820938, 0.741910620480593, 0.795224994399819, 0.812044769100871, 0.744148249181712, 0.755635043617134, 0.791508594437373, 0.870699667924644, 0.494683335170929, 0.716165635630461, 0.542848237647497, 0.782650423076658, 0.782896283458321, 0.568956656682386, 0.584423287191100, 0.000000000000000, 0.808311784228833, 0.835013147051174, 0.783747602617522, 0.807992983416979, 0.848679411284230, 0.885385770144381, 0.706713515240844, 0.668956254181202, 0.573447542789719, 0.794928281252027, 0.731570998723473, 0.576777156658956, 0.474869507735321, 0.513496289045119, 0.794753713400608, 0.654607934676662, 0.750638870138632, 0.920837793462763, 0.882316928375305, 0.825466286049351, 0.603549338551344, 0.661298060717399, 0.698791354724086, 0.465445686129343, 0.556980603664656, 0.594024906127992, 0.582686059236415, 0.652373110911159, 0.598381868593587, 0.639268478938434, 0.872644285928745
0.934837248758115, 0.532803601749539, 0.922102545868778, 0.684958074964560, 0.531678665197269, 0.882262635584135, 0.637429406572849, 0.557222694293935, 0.623047726197397, 0.588488328314822, 0.599521930723884, 0.623316766644087, 0.581932324293496, 0.524930943519241, 0.530573247574457, 0.502554884852796, 0.528930068633364, 0.586815907787574, 0.521257701262914, 0.503720517722722, 0.526098073419307, 0.650736272891221, 0.661473583082488, 0.762263056650450, 1.231610968641750, 1.100235521224240, 0.740983041845720, 0.646135197489322, 0.808311784228833, 0.000000000000000, 0.528169660859638, 0.779464130237094, 0.804788358753736, 0.635882761451462, 0.663900471873316, 0.574258518018030, 0.774126080513667, 0.985881113858465, 0.523247184222580, 0.543919763536217, 1.058063272723270, 0.642995183692431, 0.905570428714281, 1.186333650107030, 1.050238715068790, 0.949883649766530, 1.061102459513480, 0.763082340793124, 1.280116350973540, 1.171142138819490, 1.020696713349240, 1.064396500256620, 0.901175865660683, 0.996804113883275, 1.043776957978860, 0.998494094641661, 1.057132573109020, 1.003236962376150, 1.067258774674510, 1.264327304997400
0.924072396022127, 0.538199207457565, 0.977100560838289, 0.711498465152172, 0.547973942683233, 0.880871211977715, 0.649353371819598, 0.560170631466010, 0.612153517174464, 0.633023502811190, 0.595160670967255, 0.602602930088969, 0.551428157142787, 0.562577262578020, 0.560558050432039, 0.505615708412012, 0.545974987530376, 0.576467352242895, 0.527066664136301, 0.535973387754635, 0.535448231844197, 0.677109552302196, 0.660302996372627, 0.750233351455402, 1.174890623947470, 1.104288092053390, 0.796564686518944, 0.688691397419476, 0.835013147051174, 0.528169660859638, 0.000000000000000, 0.772594269401732, 0.808806613454218, 0.608282781693024, 0.657822416329462, 0.568195079527482, 0.736918477318479, 1.008123264698860, 0.534629233808357, 0.545305677874049, 1.077248657539770, 0.654364180486510, 0.905071108193649, 1.163308945200710, 1.008801031908060, 0.907754910651433, 1.074163356747530, 0.789034607359738, 1.243925634491150, 1.147281081739430, 1.026975009257020, 1.039871200518310, 0.899704060862573, 0.969223203150694, 1.029211010475890, 1.022108682484900, 1.052031525855540, 0.995459422269750, 1.047419284734520, 1.235981113927820
0.943813502890181, 0.794536275911937, 0.902891618171924, 0.664265316563102, 0.747736426872865, 0.799304792341176, 0.706985082648709, 0.778751726163655, 0.832450947900268, 0.735628989513162, 0.672305264965541, 0.931295111511747, 0.891405277214303, 0.725891341269816, 0.705902377328529, 0.755847318551955, 0.703419195452142, 0.834522190309284, 0.699942685909210, 0.738503633897520, 0.763880596578445, 0.801971792349747, 0.724824958537136, 0.745741899740583, 1.024323085985870, 0.965559418408648, 0.741301890957987, 0.659900149021644, 0.783747602617522, 0.779464130237094, 0.772594269401732, 0.000000000000000, 0.709386596628321, 0.695474184406454, 0.747546488447916, 0.666591254188613, 0.690510433306470, 0.909560009026443, 0.767902194979992, 0.841417359330769, 0.957281220768921, 0.712915943930561, 0.838104357319288, 0.979663576515982, 0.850951688615973, 0.817351748844798, 0.883464166151380, 0.801689846922863, 1.187192186083690, 1.133970247146950, 0.924312933886119, 1.022462287564130, 0.913767385850830, 0.954661243827826, 1.008070995358880, 0.993071174372982, 1.037505396555050, 0.975727218904724, 1.020311013505430, 1.224733595554600
0.920419036848521, 0.838023459571230, 0.874323597990563, 0.771706605648219, 0.751747529558294, 0.830422060877356, 0.732168339564809, 0.794250154417456, 0.829180295137068, 0.798969923897215, 0.762537273906383, 0.939660127048498, 0.827542153639254, 0.768432737552871, 0.764023765871881, 0.758096333017469, 0.752683581940226, 0.760904536761597, 0.738150559150298, 0.767630661972687, 0.767377375249248, 0.778289341950721, 0.663846042262398, 0.740251857707850, 1.082033408407890, 1.103119691764680, 0.903539670891845, 0.715051140150795, 0.807992983416979, 0.804788358753736, 0.808806613454218, 0.709386596628321, 0.000000000000000, 0.715331964098416, 0.736701383693583, 0.689743766749884, 0.672976255289361, 0.957855332015572, 0.776981088285709, 0.770933579319437, 0.967463071572525, 0.720027357972946, 0.815593333291247, 1.035546017033060, 0.862332952378723, 0.813125243555180, 0.910732857170378, 0.808080077601568, 1.127700607411280, 1.036522863413730, 0.971862969708245, 1.003983430307960, 0.875697732339301, 0.923703159011330, 1.003617804103250, 0.965302358513923, 1.013374852765950, 0.949315343457029, 1.004665731294840, 1.190762278098870
1.058598406636250, 0.590058618589091, 0.950758196061446, 0.701909088633634, 0.616548340111306, 0.891094708723665, 0.564148350041659, 0.585068555695154, 0.584856438243882, 0.595076757392152, 0.563140991518423, 0.687664506576268, 0.644043114744516, 0.644682357123294, 0.539131227988954, 0.564847832513051, 0.572142937559975, 0.635076618304732, 0.561487699028229, 0.602513039372194, 0.566306865006931, 0.687037106423985, 0.577081139689676, 0.679672360131001, 1.149582073109520, 1.252999891141350, 0.868587986754686, 0.700095694429566, 0.848679411284230, 0.635882761451462, 0.608282781693024, 0.695474184406454, 0.715331964098416, 0.000000000000000, 0.506477998137952, 0.548851928030894, 0.586805295636814, 1.015639856440690, 0.579315450114728, 0.670951222739996, 1.083267947170730, 0.615678643631009, 0.873514847520227, 1.192322016591130, 1.037174099321290, 0.892282043841041, 1.119339995994520, 0.833331619946346, 1.262561978815990, 1.152247864212120, 1.127321685798250, 1.238767194683190, 1.075082270935950, 1.157657669741360, 1.218797640487940, 1.152411530655620, 1.208124748126380, 1.181528923089570, 1.207839254955180, 1.306361869490670
1.084240854302130, 0.597576219032657, 1.011409998054390, 0.752231647444537, 0.677824070067098, 0.902384773298915, 0.553300357537958, 0.600117884021627, 0.609837362068967, 0.544067635071022, 0.574711218056591, 0.648251636613637, 0.624081501980840, 0.642734527431540, 0.573600922044441, 0.574111899687177, 0.601159342572077, 0.620560135313741, 0.640418783473947, 0.645258499770990, 0.610464435039646, 0.734102590086827, 0.596693842116320, 0.722859384604858, 1.216096718656670, 1.282338890939090, 0.906599622560542, 0.778113968336904, 0.885385770144381, 0.663900471873316, 0.657822416329462, 0.747546488447916, 0.736701383693583, 0.506477998137952, 0.000000000000000, 0.557171321998008, 0.553563241019755, 1.064768284991580, 0.589329576124564, 0.682251819918265, 1.147480922612130, 0.724898521488855, 0.949202312121826, 1.257029454734590, 1.069437603209900, 0.970371693967553, 1.165997653978860, 0.861068308386438, 1.274284154069840, 1.139216187067100, 1.161962887164580, 1.266820630167920, 1.090655600980230, 1.175765224709410, 1.254928326013300, 1.178492032237530, 1.238693091892820, 1.211515969798830, 1.230681458202870, 1.360501811725280
